              precision    recall  f1-score   support

           0       0.94      0.88      0.91       460
           1       0.98      0.63      0.77       571
           2       1.00      0.00      0.00       530
           3       0.76      0.54      0.63       500
           4       0.79      0.91      0.85       500
           5       0.40      0.96      0.57       456
           6       0.77      0.56      0.65       462
           7       0.82      0.84      0.83       512
           8       0.42      0.66      0.51       489
           9       0.78      0.84      0.81       520

    accuracy                           0.68      5000
   macro avg       0.77      0.68      0.65      5000
weighted avg       0.77      0.68      0.65      5000
